   0.0000000e+00   2.3056670e+02   5.9347229e+01   3.0010393e+03
   1.0000000e-01   2.3161821e+02   1.0041892e+02   3.0010109e+03
   2.0000000e-01   2.3425779e+02   1.3946295e+02   2.9999603e+03
   3.0000000e-01   2.3387574e+02   1.7749377e+02   3.0004810e+03
   4.0000000e-01   2.3042524e+02   2.1645778e+02   3.0006442e+03
   5.0000000e-01   2.2639619e+02   2.5253076e+02   3.0005964e+03
   6.0000000e-01   2.2110600e+02   2.8721500e+02   2.9997695e+03
   7.0000000e-01   2.1189237e+02   3.1976487e+02   3.0003477e+03
   8.0000000e-01   2.0160826e+02   3.5113608e+02   3.0006252e+03
   9.0000000e-01   1.9096365e+02   3.7731829e+02   3.0004193e+03
   1.0000000e+00   1.7848595e+02   4.0411651e+02   3.0018368e+03
   1.1000000e+00   1.6340450e+02   4.2637903e+02   3.0036383e+03
   1.2000000e+00   1.5005514e+02   4.4530178e+02   2.9998767e+03
   1.3000000e+00   1.3672446e+02   4.6289806e+02   3.0014283e+03
   1.4000000e+00   1.1994985e+02   4.7417314e+02   2.9999576e+03
   1.5000000e+00   1.0472986e+02   4.8466388e+02   3.0028024e+03
   1.6000000e+00   8.7153596e+01   4.9082660e+02   3.0030098e+03
   1.7000000e+00   7.2295618e+01   4.9192581e+02   3.0000374e+03
   1.8000000e+00   5.7159873e+01   4.9112447e+02   3.0037436e+03
   1.9000000e+00   3.9980572e+01   4.8684455e+02   3.0008152e+03
   2.0000000e+00   2.7118226e+01   4.7817312e+02   3.0022267e+03
   2.1000000e+00   1.2848936e+01   4.6766415e+02   3.0031987e+03
   2.2000000e+00  -6.3975822e-01   4.5171118e+02   3.0023470e+03
   2.3000000e+00  -1.1292737e+01   4.3710724e+02   3.0045955e+03
   2.4000000e+00  -2.3375047e+01   4.1542255e+02   3.0051524e+03
   2.5000000e+00  -3.2356700e+01   3.9263641e+02   3.0026380e+03
   2.6000000e+00  -3.8554674e+01   3.7180998e+02   3.0006926e+03
   2.7000000e+00  -4.3804960e+01   3.4452023e+02   3.0023347e+03
   2.8000000e+00  -4.7617500e+01   3.1769477e+02   3.0019515e+03
   2.9000000e+00  -4.9917061e+01   2.8837401e+02   3.0021348e+03
   3.0000000e+00  -4.7710271e+01   2.5837142e+02   3.0018719e+03
   3.1000000e+00  -4.7421214e+01   2.2648024e+02   3.0031777e+03
   3.2000000e+00  -4.1548736e+01   2.0019533e+02   3.0053061e+03
   3.3000000e+00  -3.4708887e+01   1.6950233e+02   3.0025836e+03
   3.4000000e+00  -2.7361866e+01   1.4036327e+02   3.0031188e+03
   3.5000000e+00  -1.7198228e+01   1.1263148e+02   3.0046658e+03
   3.6000000e+00  -5.7298404e+00   8.3698497e+01   3.0048120e+03
   3.7000000e+00   6.8973176e+00   5.8827906e+01   3.0041847e+03
   3.8000000e+00   2.3762639e+01   3.6997066e+01   3.0048251e+03
   3.9000000e+00   4.1774364e+01   1.4879709e+01   3.0047697e+03
   4.0000000e+00   6.1009521e+01  -6.1621547e+00   3.0036171e+03
   4.1000000e+00   7.8605005e+01  -2.3600253e+01   3.0045278e+03
   4.2000000e+00   9.8320513e+01  -3.5622766e+01   3.0038997e+03
   4.3000000e+00   1.2200652e+02  -4.5444082e+01   3.0033988e+03
   4.4000000e+00   1.4490970e+02  -5.2118349e+01   3.0050333e+03
   4.5000000e+00   1.6761389e+02  -5.7041816e+01   3.0045660e+03
   4.6000000e+00   1.9042058e+02  -5.8914163e+01   3.0044113e+03
   4.7000000e+00   2.1754660e+02  -5.4666982e+01   3.0049900e+03
   4.8000000e+00   2.3714028e+02  -4.9829948e+01   3.0057859e+03
   4.9000000e+00   2.6279250e+02  -3.9819381e+01   3.0052909e+03
   5.0000000e+00   2.8541081e+02  -2.6277231e+01   3.0051925e+03
   5.1000000e+00   3.0895942e+02  -1.0264532e+01   3.0053776e+03
   5.2000000e+00   3.3202118e+02   1.0519905e+01   3.0052489e+03
   5.3000000e+00   3.5301292e+02   3.2806445e+01   3.0045230e+03
   5.4000000e+00   3.7222784e+02   5.9246743e+01   3.0061842e+03
   5.5000000e+00   3.9251095e+02   8.7598464e+01   3.0069061e+03
   5.6000000e+00   4.0973557e+02   1.1864689e+02   3.0050630e+03
   5.7000000e+00   4.2558994e+02   1.5175652e+02   3.0076247e+03
   5.8000000e+00   4.3867827e+02   1.8862254e+02   3.0056205e+03
   5.9000000e+00   4.5254427e+02   2.2475348e+02   3.0056528e+03
   6.0000000e+00   4.6269477e+02   2.6226365e+02   3.0050988e+03
   6.1000000e+00   4.7316246e+02   2.9977617e+02   3.0053039e+03
   6.2000000e+00   4.7837188e+02   3.3929291e+02   3.0052430e+03
   6.3000000e+00   4.8312865e+02   3.7892012e+02   3.0066497e+03
   6.4000000e+00   4.8468996e+02   4.2339742e+02   3.0079926e+03
   6.5000000e+00   4.8402914e+02   4.6126437e+02   3.0070229e+03
   6.6000000e+00   4.8367530e+02   4.9929646e+02   3.0074494e+03
   6.7000000e+00   4.8011884e+02   5.3572323e+02   3.0080368e+03
   6.8000000e+00   4.7531553e+02   5.7179331e+02   3.0042953e+03
   6.9000000e+00   4.6970016e+02   6.0800156e+02   3.0067269e+03
   7.0000000e+00   4.6022367e+02   6.4151039e+02   3.0073473e+03
   7.1000000e+00   4.5001422e+02   6.6844582e+02   3.0078113e+03
   7.2000000e+00   4.3926093e+02   6.9733435e+02   3.0058889e+03
   7.3000000e+00   4.2705461e+02   7.2256853e+02   3.0062876e+03
   7.4000000e+00   4.1411880e+02   7.4255583e+02   3.0081839e+03
   7.5000000e+00   3.9837442e+02   7.6414124e+02   3.0073764e+03
   7.6000000e+00   3.8456929e+02   7.7835723e+02   3.0081458e+03
   7.7000000e+00   3.6875279e+02   7.9277106e+02   3.0067318e+03
   7.8000000e+00   3.5411547e+02   7.9909927e+02   3.0061583e+03
   7.9000000e+00   3.3658640e+02   8.0503865e+02   3.0086530e+03
   8.0000000e+00   3.2076551e+02   8.0513296e+02   3.0091848e+03
   8.1000000e+00   3.0411981e+02   8.0383657e+02   3.0097232e+03
   8.2000000e+00   2.8878377e+02   7.9808697e+02   3.0066586e+03
   8.3000000e+00   2.7603514e+02   7.9115272e+02   3.0069536e+03
   8.4000000e+00   2.6189278e+02   7.8041146e+02   3.0069163e+03
   8.5000000e+00   2.5010136e+02   7.6387685e+02   3.0084481e+03
   8.6000000e+00   2.3736333e+02   7.4747536e+02   3.0079739e+03
   8.7000000e+00   2.3017918e+02   7.2653487e+02   3.0100032e+03
   8.8000000e+00   2.1990363e+02   7.0482313e+02   3.0073335e+03
   8.9000000e+00   2.1395999e+02   6.8155355e+02   3.0071460e+03
   9.0000000e+00   2.0754703e+02   6.5436175e+02   3.0091932e+03
   9.1000000e+00   2.0429318e+02   6.2564759e+02   3.0102803e+03
   9.2000000e+00   2.0372133e+02   5.9715437e+02   3.0083842e+03
   9.3000000e+00   2.0411069e+02   5.6838918e+02   3.0080210e+03
   9.4000000e+00   2.0494113e+02   5.3847973e+02   3.0092369e+03
   9.5000000e+00   2.0903288e+02   5.0783129e+02   3.0078493e+03
   9.6000000e+00   2.1596456e+02   4.7916629e+02   3.0096026e+03
   9.7000000e+00   2.2411125e+02   4.5115031e+02   3.0105132e+03
   9.8000000e+00   2.3597432e+02   4.2148113e+02   3.0100020e+03
   9.9000000e+00   2.4775052e+02   3.9465787e+02   3.0079746e+03
   1.0000000e+01   2.6181768e+02   3.6739109e+02   3.0094465e+03
   1.0100000e+01   2.7652540e+02   3.4545076e+02   3.0097808e+03
   1.0200000e+01   2.9592644e+02   3.2365059e+02   3.0119959e+03
   1.0300000e+01   3.1427413e+02   3.0592374e+02   3.0111967e+03
   1.0400000e+01   3.3371353e+02   2.9078633e+02   3.0103242e+03
   1.0500000e+01   3.5591379e+02   2.7862975e+02   3.0117901e+03
   1.0600000e+01   3.7605838e+02   2.6882709e+02   3.0095355e+03
   1.0700000e+01   4.0015684e+02   2.6006086e+02   3.0103313e+03
   1.0800000e+01   4.2348246e+02   2.5635212e+02   3.0121916e+03
   1.0900000e+01   4.4726348e+02   2.5741483e+02   3.0123808e+03
   1.1000000e+01   4.7015589e+02   2.6049359e+02   3.0117082e+03
   1.1100000e+01   4.9517405e+02   2.6767184e+02   3.0115680e+03
   1.1200000e+01   5.1808609e+02   2.7806607e+02   3.0105905e+03
   1.1300000e+01   5.4105262e+02   2.8961295e+02   3.0120209e+03
   1.1400000e+01   5.6349490e+02   3.0877538e+02   3.0105471e+03
   1.1500000e+01   5.8769877e+02   3.2850020e+02   3.0120492e+03
   1.1600000e+01   6.0681199e+02   3.5124974e+02   3.0118558e+03
   1.1700000e+01   6.2734636e+02   3.7761215e+02   3.0128126e+03
   1.1800000e+01   6.4487785e+02   4.0854768e+02   3.0113467e+03
   1.1900000e+01   6.6291693e+02   4.3784227e+02   3.0125080e+03
   1.2000000e+01   6.7553875e+02   4.7096266e+02   3.0127644e+03
   1.2100000e+01   6.9155426e+02   5.0783808e+02   3.0111721e+03
   1.2200000e+01   7.0330029e+02   5.4663052e+02   3.0123260e+03
   1.2300000e+01   7.1393207e+02   5.8289442e+02   3.0138663e+03
   1.2400000e+01   7.2302519e+02   6.2234684e+02   3.0124806e+03
   1.2500000e+01   7.2923431e+02   6.6084909e+02   3.0121589e+03
   1.2600000e+01   7.3583132e+02   7.0344229e+02   3.0130234e+03
   1.2700000e+01   7.3564520e+02   7.4175620e+02   3.0123908e+03
   1.2800000e+01   7.3631648e+02   7.8155854e+02   3.0132082e+03
   1.2900000e+01   7.3340269e+02   8.1866398e+02   3.0127295e+03
   1.3000000e+01   7.3101198e+02   8.5791250e+02   3.0129451e+03
   1.3100000e+01   7.2485534e+02   8.9342066e+02   3.0135234e+03
   1.3200000e+01   7.1920709e+02   9.2606973e+02   3.0145240e+03
   1.3300000e+01   7.1140292e+02   9.5938916e+02   3.0137127e+03
   1.3400000e+01   7.0084287e+02   9.8868096e+02   3.0150083e+03
   1.3500000e+01   6.8828351e+02   1.0164337e+03   3.0114306e+03
   1.3600000e+01   6.7471026e+02   1.0404560e+03   3.0131088e+03
   1.3700000e+01   6.6413492e+02   1.0618943e+03   3.0138932e+03
   1.3800000e+01   6.5021302e+02   1.0792606e+03   3.0129210e+03
   1.3900000e+01   6.3311046e+02   1.0948793e+03   3.0125793e+03
   1.4000000e+01   6.1635754e+02   1.1074791e+03   3.0145713e+03
   1.4100000e+01   6.0262945e+02   1.1165030e+03   3.0146660e+03
   1.4200000e+01   5.8484900e+02   1.1181488e+03   3.0144417e+03
   1.4300000e+01   5.6910730e+02   1.1227476e+03   3.0146466e+03
   1.4400000e+01   5.5492291e+02   1.1195063e+03   3.0134797e+03
   1.4500000e+01   5.3762993e+02   1.1123818e+03   3.0139515e+03
   1.4600000e+01   5.2274627e+02   1.1028757e+03   3.0144415e+03
   1.4700000e+01   5.1170380e+02   1.0903127e+03   3.0139593e+03
   1.4800000e+01   4.9933024e+02   1.0767210e+03   3.0150779e+03
   1.4900000e+01   4.8790070e+02   1.0573139e+03   3.0172101e+03
   1.5000000e+01   4.7855910e+02   1.0371388e+03   3.0144616e+03
   1.5100000e+01   4.7091962e+02   1.0158025e+03   3.0156901e+03
   1.5200000e+01   4.6422305e+02   9.9067548e+02   3.0141071e+03
   1.5300000e+01   4.5784527e+02   9.6475595e+02   3.0165800e+03
   1.5400000e+01   4.5621939e+02   9.3659615e+02   3.0143701e+03
   1.5500000e+01   4.5448256e+02   9.0686272e+02   3.0156467e+03
   1.5600000e+01   4.5465893e+02   8.7719993e+02   3.0149182e+03
   1.5700000e+01   4.5681303e+02   8.4858348e+02   3.0161476e+03
   1.5800000e+01   4.6349345e+02   8.1716141e+02   3.0157457e+03
   1.5900000e+01   4.6932287e+02   7.8938616e+02   3.0157891e+03
   1.6000000e+01   4.7851453e+02   7.6002454e+02   3.0188809e+03
   1.6100000e+01   4.8838049e+02   7.3156272e+02   3.0154005e+03
   1.6200000e+01   5.0017499e+02   7.0465553e+02   3.0160823e+03
   1.6300000e+01   5.1621043e+02   6.8004733e+02   3.0189109e+03
   1.6400000e+01   5.3194827e+02   6.6018934e+02   3.0151799e+03
   1.6500000e+01   5.5071962e+02   6.3576269e+02   3.0169782e+03
   1.6600000e+01   5.6923609e+02   6.1602018e+02   3.0154474e+03
   1.6700000e+01   5.8965611e+02   6.0391548e+02   3.0176531e+03
   1.6800000e+01   6.0911540e+02   5.8996139e+02   3.0170486e+03
   1.6900000e+01   6.3111002e+02   5.7915869e+02   3.0174718e+03
   1.7000000e+01   6.5369824e+02   5.7612821e+02   3.0166393e+03
   1.7100000e+01   6.7893617e+02   5.7112820e+02   3.0172620e+03
   1.7200000e+01   7.0505344e+02   5.7137918e+02   3.0185878e+03
   1.7300000e+01   7.2697533e+02   5.7430111e+02   3.0149387e+03
   1.7400000e+01   7.4941566e+02   5.8150429e+02   3.0156790e+03
   1.7500000e+01   7.7472462e+02   5.9176249e+02   3.0178263e+03
   1.7600000e+01   7.9602042e+02   6.0748151e+02   3.0168545e+03
   1.7700000e+01   8.1835408e+02   6.2454304e+02   3.0173114e+03
   1.7800000e+01   8.4230868e+02   6.4712700e+02   3.0162093e+03
   1.7900000e+01   8.6163094e+02   6.7007738e+02   3.0168998e+03
   1.8000000e+01   8.8237933e+02   6.9892345e+02   3.0174988e+03
   1.8100000e+01   9.0180484e+02   7.2805076e+02   3.0172755e+03
   1.8200000e+01   9.1767161e+02   7.5847252e+02   3.0172332e+03
   1.8300000e+01   9.3348097e+02   7.9190923e+02   3.0177762e+03
   1.8400000e+01   9.4452223e+02   8.2905420e+02   3.0173537e+03
   1.8500000e+01   9.5856652e+02   8.6398527e+02   3.0197366e+03
   1.8600000e+01   9.6994294e+02   9.0423292e+02   3.0175045e+03
   1.8700000e+01   9.7630861e+02   9.4218123e+02   3.0204091e+03
   1.8800000e+01   9.8021359e+02   9.8226221e+02   3.0183151e+03
   1.8900000e+01   9.8554245e+02   1.0219761e+03   3.0173360e+03
   1.9000000e+01   9.8724095e+02   1.0630326e+03   3.0182672e+03
   1.9100000e+01   9.8814351e+02   1.1009639e+03   3.0199186e+03
   1.9200000e+01   9.8625611e+02   1.1390966e+03   3.0201382e+03
   1.9300000e+01   9.8245626e+02   1.1779309e+03   3.0193406e+03
   1.9400000e+01   9.7609468e+02   1.2126496e+03   3.0195659e+03
   1.9500000e+01   9.6856372e+02   1.2473006e+03   3.0200096e+03
   1.9600000e+01   9.5968763e+02   1.2783354e+03   3.0180157e+03
   1.9700000e+01   9.5078343e+02   1.3083202e+03   3.0189911e+03
   1.9800000e+01   9.3641135e+02   1.3322214e+03   3.0178408e+03
   1.9900000e+01   9.2522986e+02   1.3591413e+03   3.0193198e+03
   2.0000000e+01   9.1188679e+02   1.3813844e+03   3.0208162e+03
