   0.0000000e+00   2.3000000e+02   6.0000000e+01   3.0000000e+03
   1.0000000e-01   2.3300083e+02   9.9941696e+01   3.0001000e+03
   2.0000000e-01   2.3401332e+02   1.3953427e+02   3.0002000e+03
   3.0000000e-01   2.3306730e+02   1.7843207e+02   3.0003000e+03
   4.0000000e-01   2.3021220e+02   2.1629642e+02   3.0004000e+03
   5.0000000e-01   2.2551651e+02   2.5279894e+02   3.0005000e+03
   6.0000000e-01   2.1906712e+02   2.8762487e+02   3.0006000e+03
   7.0000000e-01   2.1096844e+02   3.2047619e+02   3.0007000e+03
   8.0000000e-01   2.0134134e+02   3.5107463e+02   3.0008000e+03
   9.0000000e-01   1.9032199e+02   3.7916442e+02   3.0009000e+03
   1.0000000e+00   1.7806046e+02   4.0451484e+02   3.0010000e+03
   1.1000000e+00   1.6471922e+02   4.2692258e+02   3.0011000e+03
   1.2000000e+00   1.5047155e+02   4.4621368e+02   3.0012000e+03
   1.3000000e+00   1.3549977e+02   4.6224536e+02   3.0013000e+03
   1.4000000e+00   1.1999343e+02   4.7490741e+02   3.0014000e+03
   1.5000000e+00   1.0414744e+02   4.8412325e+02   3.0014999e+03
   1.6000000e+00   8.8160096e+01   4.8985076e+02   3.0015999e+03
   1.7000000e+00   7.2231101e+01   4.9208268e+02   3.0016999e+03
   1.8000000e+00   5.6559581e+01   4.9084667e+02   3.0017999e+03
   1.9000000e+00   4.1342087e+01   4.8620503e+02   3.0018999e+03
   2.0000000e+00   2.6770633e+01   4.7825410e+02   3.0019999e+03
   2.1000000e+00   1.3030779e+01   4.6712328e+02   3.0020998e+03
   2.2000000e+00   2.9977655e-01   4.5297374e+02   3.0021998e+03
   2.3000000e+00  -1.1255204e+01   4.3599682e+02   3.0022998e+03
   2.4000000e+00  -2.1478743e+01   4.1641211e+02   3.0023998e+03
   2.5000000e+00  -3.0228723e+01   3.9446525e+02   3.0024997e+03
   2.6000000e+00  -3.7377751e+01   3.7042548e+02   3.0025997e+03
   2.7000000e+00  -4.2814428e+01   3.4458296e+02   3.0026997e+03
   2.8000000e+00  -4.6444468e+01   3.1724585e+02   3.0027996e+03
   2.9000000e+00  -4.8191633e+01   2.8873727e+02   3.0028996e+03
   3.0000000e+00  -4.7998499e+01   2.5939200e+02   3.0029996e+03
   3.1000000e+00  -4.5827030e+01   2.2955323e+02   3.0030995e+03
   3.2000000e+00  -4.1658955e+01   1.9956905e+02   3.0031995e+03
   3.3000000e+00  -3.5495954e+01   1.6978901e+02   3.0032994e+03
   3.4000000e+00  -2.7359639e+01   1.4056061e+02   3.0033993e+03
   3.5000000e+00  -1.7291337e+01   1.1222587e+02   3.0034993e+03
   3.6000000e+00  -5.3516833e+00   8.5117845e+01   3.0035992e+03
   3.7000000e+00   8.3799937e+00   5.9557351e+01   3.0036992e+03
   3.8000000e+00   2.3806458e+01   3.5849738e+01   3.0037991e+03
   3.9000000e+00   4.0813539e+01   1.4281844e+01   3.0038990e+03
   4.0000000e+00   5.9271276e+01  -4.8808734e+00   3.0039989e+03
   4.1000000e+00   7.9035211e+01  -2.1396989e+01   3.0040989e+03
   4.2000000e+00   9.9947836e+01  -3.5051520e+01   3.0041988e+03
   4.3000000e+00   1.2184017e+02  -4.5658078e+01   3.0042987e+03
   4.4000000e+00   1.4453343e+02  -5.3060726e+01   3.0043986e+03
   4.5000000e+00   1.6784084e+02  -5.7135541e+01   3.0044985e+03
   4.6000000e+00   1.9156949e+02  -5.7791851e+01   3.0045984e+03
   4.7000000e+00   2.1552227e+02  -5.4973140e+01   3.0046983e+03
   4.8000000e+00   2.3949980e+02  -4.8657613e+01   3.0047982e+03
   4.9000000e+00   2.6330247e+02  -3.8858414e+01   3.0048980e+03
   5.0000000e+00   2.8673244e+02  -2.5623496e+01   3.0049979e+03
   5.1000000e+00   3.0959555e+02  -9.0351388e+00   3.0050978e+03
   5.2000000e+00   3.3170333e+02   1.0790870e+01   3.0051977e+03
   5.3000000e+00   3.5287487e+02   3.3706395e+01   3.0052975e+03
   5.4000000e+00   3.7293858e+02   5.9532429e+01   3.0053974e+03
   5.5000000e+00   3.9173395e+02   8.8060886e+01   3.0054972e+03
   5.6000000e+00   4.0911318e+02   1.1905668e+02   3.0055971e+03
   5.7000000e+00   4.2494256e+02   1.5226006e+02   3.0056969e+03
   5.8000000e+00   4.3910390e+02   1.8738924e+02   3.0057967e+03
   5.9000000e+00   4.5149569e+02   2.2414317e+02   3.0058966e+03
   6.0000000e+00   4.6203406e+02   2.6220458e+02   3.0059964e+03
   6.1000000e+00   4.7065369e+02   3.0124312e+02   3.0060962e+03
   6.2000000e+00   4.7730842e+02   3.4091871e+02   3.0061960e+03
   6.3000000e+00   4.8197173e+02   3.8088487e+02   3.0062958e+03
   6.4000000e+00   4.8463698e+02   4.2079222e+02   3.0063956e+03
   6.5000000e+00   4.8531753e+02   4.6029200e+02   3.0064954e+03
   6.6000000e+00   4.8404652e+02   4.9903948e+02   3.0065952e+03
   6.7000000e+00   4.8087663e+02   5.3669747e+02   3.0066950e+03
   6.8000000e+00   4.7587950e+02   5.7293967e+02   3.0067948e+03
   6.9000000e+00   4.6914502e+02   6.0745392e+02   3.0068945e+03
   7.0000000e+00   4.6078045e+02   6.3994531e+02   3.0069943e+03
   7.1000000e+00   4.5090933e+02   6.7013916e+02   3.0070940e+03
   7.2000000e+00   4.3967026e+02   6.9778375e+02   3.0071938e+03
   7.3000000e+00   4.2721550e+02   7.2265282e+02   3.0072935e+03
   7.4000000e+00   4.1370947e+02   7.4454783e+02   3.0073932e+03
   7.5000000e+00   3.9932706e+02   7.6329999e+02   3.0074930e+03
   7.6000000e+00   3.8425197e+02   7.7877189e+02   3.0075927e+03
   7.7000000e+00   3.6867477e+02   7.9085888e+02   3.0076924e+03
   7.8000000e+00   3.5279108e+02   7.9949017e+02   3.0077921e+03
   7.9000000e+00   3.3679957e+02   8.0462947e+02   3.0078918e+03
   8.0000000e+00   3.2089999e+02   8.0627539e+02   3.0079915e+03
   8.1000000e+00   3.0529117e+02   8.0446143e+02   3.0080911e+03
   8.2000000e+00   2.9016903e+02   7.9925569e+02   3.0081908e+03
   8.3000000e+00   2.7572463e+02   7.9076014e+02   3.0082905e+03
   8.4000000e+00   2.6214227e+02   7.7910962e+02   3.0083901e+03
   8.5000000e+00   2.4959762e+02   7.6447049e+02   3.0084898e+03
   8.6000000e+00   2.3825599e+02   7.4703898e+02   3.0085894e+03
   8.7000000e+00   2.2827067e+02   7.2703923e+02   3.0086890e+03
   8.8000000e+00   2.1978140e+02   7.0472102e+02   3.0087886e+03
   8.9000000e+00   2.1291296e+02   6.8035730e+02   3.0088883e+03
   9.0000000e+00   2.0777395e+02   6.5424147e+02   3.0089879e+03
   9.1000000e+00   2.0445568e+02   6.2668443e+02   3.0090874e+03
   9.2000000e+00   2.0303128e+02   5.9801147e+02   3.0091870e+03
   9.3000000e+00   2.0355493e+02   5.6855905e+02   3.0092866e+03
   9.4000000e+00   2.0606139e+02   5.3867140e+02   3.0093862e+03
   9.5000000e+00   2.1056557e+02   5.0869711e+02   3.0094857e+03
   9.6000000e+00   2.1706243e+02   4.7898563e+02   3.0095853e+03
   9.7000000e+00   2.2552702e+02   4.4988378e+02   3.0096848e+03
   9.8000000e+00   2.3591475e+02   4.2173230e+02   3.0097843e+03
   9.9000000e+00   2.4816177e+02   3.9486244e+02   3.0098838e+03
   1.0000000e+01   2.6218569e+02   3.6959261e+02   3.0099833e+03
   1.0100000e+01   2.7788636e+02   3.4622527e+02   3.0100828e+03
   1.0200000e+01   2.9514687e+02   3.2504386e+02   3.0101823e+03
   1.0300000e+01   3.1383472e+02   3.0630997e+02   3.0102818e+03
   1.0400000e+01   3.3380315e+02   2.9026074e+02   3.0103813e+03
   1.0500000e+01   3.5489261e+02   2.7710648e+02   3.0104807e+03
   1.0600000e+01   3.7693236e+02   2.6702860e+02   3.0105802e+03
   1.0700000e+01   3.9974214e+02   2.6017774e+02   3.0106796e+03
   1.0800000e+01   4.2313402e+02   2.5667232e+02   3.0107790e+03
   1.0900000e+01   4.4691423e+02   2.5659731e+02   3.0108784e+03
   1.1000000e+01   4.7088514e+02   2.6000343e+02   3.0109778e+03
   1.1100000e+01   4.9484721e+02   2.6690659e+02   3.0110772e+03
   1.1200000e+01   5.1860097e+02   2.7728779e+02   3.0111766e+03
   1.1300000e+01   5.4194907e+02   2.9109326e+02   3.0112760e+03
   1.1400000e+01   5.6469817e+02   3.0823502e+02   3.0113753e+03
   1.1500000e+01   5.8666095e+02   3.2859174e+02   3.0114747e+03
   1.1600000e+01   6.0765793e+02   3.5200999e+02   3.0115740e+03
   1.1700000e+01   6.2751927e+02   3.7830575e+02   3.0116733e+03
   1.1800000e+01   6.4608650e+02   4.0726622e+02   3.0117726e+03
   1.1900000e+01   6.6321406e+02   4.3865201e+02   3.0118719e+03
   1.2000000e+01   6.7877079e+02   4.7219948e+02   3.0119712e+03
   1.2100000e+01   6.9264122e+02   5.0762339e+02   3.0120705e+03
   1.2200000e+01   7.0472673e+02   5.4461975e+02   3.0121698e+03
   1.2300000e+01   7.1494652e+02   5.8286887e+02   3.0122690e+03
   1.2400000e+01   7.2323846e+02   6.2203854e+02   3.0123682e+03
   1.2500000e+01   7.2955966e+02   6.6178734e+02   3.0124675e+03
   1.2600000e+01   7.3388692e+02   7.0176807e+02   3.0125667e+03
   1.2700000e+01   7.3621697e+02   7.4163121e+02   3.0126659e+03
   1.2800000e+01   7.3656651e+02   7.8102844e+02   3.0127651e+03
   1.2900000e+01   7.3497201e+02   8.1961605e+02   3.0128643e+03
   1.3000000e+01   7.3148936e+02   8.5705846e+02   3.0129634e+03
   1.3100000e+01   7.2619332e+02   8.9303151e+02   3.0130626e+03
   1.3200000e+01   7.1917679e+02   9.2722573e+02   3.0131617e+03
   1.3300000e+01   7.1054983e+02   9.5934942e+02   3.0132608e+03
   1.3400000e+01   7.0043862e+02   9.8913156e+02   3.0133599e+03
   1.3500000e+01   6.8898413e+02   1.0163245e+03   3.0134590e+03
   1.3600000e+01   6.7634080e+02   1.0407066e+03   3.0135581e+03
   1.3700000e+01   6.6267491e+02   1.0620842e+03   3.0136572e+03
   1.3800000e+01   6.4816298e+02   1.0802935e+03   3.0137562e+03
   1.3900000e+01   6.3298996e+02   1.0952026e+03   3.0138553e+03
   1.4000000e+01   6.1734744e+02   1.1067126e+03   3.0139543e+03
   1.4100000e+01   6.0143168e+02   1.1147583e+03   3.0140533e+03
   1.4200000e+01   5.8544166e+02   1.1193093e+03   3.0141523e+03
   1.4300000e+01   5.6957711e+02   1.1203702e+03   3.0142513e+03
   1.4400000e+01   5.5403653e+02   1.1179802e+03   3.0143503e+03
   1.4500000e+01   5.3901515e+02   1.1122133e+03   3.0144492e+03
   1.4600000e+01   5.2470302e+02   1.1031769e+03   3.0145482e+03
   1.4700000e+01   5.1128312e+02   1.0910114e+03   3.0146471e+03
   1.4800000e+01   4.9892950e+02   1.0758882e+03   3.0147460e+03
   1.4900000e+01   4.8780556e+02   1.0580085e+03   3.0148449e+03
   1.5000000e+01   4.7806242e+02   1.0376007e+03   3.0149438e+03
   1.5100000e+01   4.6983738e+02   1.0149189e+03   3.0150427e+03
   1.5200000e+01   4.6325260e+02   9.9023954e+02   3.0151415e+03
   1.5300000e+01   4.5841384e+02   9.6385920e+02   3.0152404e+03
   1.5400000e+01   4.5540942e+02   9.3609142e+02   3.0153392e+03
   1.5500000e+01   4.5430931e+02   9.0726362e+02   3.0154380e+03
   1.5600000e+01   4.5516447e+02   8.7771378e+02   3.0155368e+03
   1.5700000e+01   4.5800634e+02   8.4778711e+02   3.0156356e+03
   1.5800000e+01   4.6284648e+02   8.1783260e+02   3.0157343e+03
   1.5900000e+01   4.6967649e+02   7.8819950e+02   3.0158331e+03
   1.6000000e+01   4.7846810e+02   7.5923384e+02   3.0159318e+03
   1.6100000e+01   4.8917344e+02   7.3127500e+02   3.0160305e+03
   1.6200000e+01   5.0172550e+02   7.0465230e+02   3.0161292e+03
   1.6300000e+01   5.1603884e+02   6.7968171e+02   3.0162279e+03
   1.6400000e+01   5.3201041e+02   6.5666266e+02   3.0163266e+03
   1.6500000e+01   5.4952059e+02   6.3587513e+02   3.0164252e+03
   1.6600000e+01   5.6843439e+02   6.1757677e+02   3.0165239e+03
   1.6700000e+01   5.8860281e+02   6.0200038e+02   3.0166225e+03
   1.6800000e+01   6.0986428e+02   5.8935154e+02   3.0167211e+03
   1.6900000e+01   6.3204635e+02   5.7980660e+02   3.0168197e+03
   1.7000000e+01   6.5496733e+02   5.7351088e+02   3.0169182e+03
   1.7100000e+01   6.7843819e+02   5.7057725e+02   3.0170168e+03
   1.7200000e+01   7.0226436e+02   5.7108498e+02   3.0171153e+03
   1.7300000e+01   7.2624776e+02   5.7507895e+02   3.0172138e+03
   1.7400000e+01   7.5018872e+02   5.8256922e+02   3.0173123e+03
   1.7500000e+01   7.7388799e+02   5.9353090e+02   3.0174108e+03
   1.7600000e+01   7.9714875e+02   6.0790443e+02   3.0175093e+03
   1.7700000e+01   8.1977855e+02   6.2559614e+02   3.0176077e+03
   1.7800000e+01   8.4159124e+02   6.4647924e+02   3.0177062e+03
   1.7900000e+01   8.6240885e+02   6.7039501e+02   3.0178046e+03
   1.8000000e+01   8.8206334e+02   6.9715446e+02   3.0179030e+03
   1.8100000e+01   9.0039830e+02   7.2654018e+02   3.0180013e+03
   1.8200000e+01   9.1727049e+02   7.5830851e+02   3.0180997e+03
   1.8300000e+01   9.3255131e+02   7.9219199e+02   3.0181980e+03
   1.8400000e+01   9.4612803e+02   8.2790203e+02   3.0182964e+03
   1.8500000e+01   9.5790498e+02   8.6513178e+02   3.0183947e+03
   1.8600000e+01   9.6780444e+02   9.0355922e+02   3.0184929e+03
   1.8700000e+01   9.7576747e+02   9.4285034e+02   3.0185912e+03
   1.8800000e+01   9.8175447e+02   9.8266253e+02   3.0186895e+03
   1.8900000e+01   9.8574559e+02   1.0226479e+03   3.0187877e+03
   1.9000000e+01   9.8774092e+02   1.0624570e+03   3.0188859e+03
   1.9100000e+01   9.8776049e+02   1.1017420e+03   3.0189841e+03
   1.9200000e+01   9.8584407e+02   1.1401602e+03   3.0190823e+03
   1.9300000e+01   9.8205077e+02   1.1773779e+03   3.0191804e+03
   1.9400000e+01   9.7645846e+02   1.2130730e+03   3.0192785e+03
   1.9500000e+01   9.6916299e+02   1.2469390e+03   3.0193767e+03
   1.9600000e+01   9.6027722e+02   1.2786873e+03   3.0194747e+03
   1.9700000e+01   9.4992989e+02   1.3080507e+03   3.0195728e+03
   1.9800000e+01   9.3826436e+02   1.3347858e+03   3.0196709e+03
   1.9900000e+01   9.2543716e+02   1.3586754e+03   3.0197689e+03
   2.0000000e+01   9.1161641e+02   1.3795308e+03   3.0198669e+03
